
   Warshall's Algorithm
	---------------------
	Enter the size n of the set
	5
	
	Enter the nxn matrix
	0 1 0 1 1
	1 0 1 0 0
	0 0 1 1 0
	1 0 0 0 1
	1 0 1 0 1
	
	W0 =
	   0  1  2  3  4
	0  0  1  0  1  1 
	1  1  0  1  0  0 
	2  0  0  1  1  0 
	3  1  0  0  0  1 
	4  1  0  1  0  1 

	W1 =
	   0  1  2  3  4
	0  0  1  0  1  1 
	1  1  1  1  1  1 
	2  0  0  1  1  0 
	3  1  1  0  1  1 
	4  1  1  1  1  1 

	W2 =
	   0  1  2  3  4
	0  1  1  1  1  1 
	1  1  1  1  1  1 
	2  0  0  1  1  0 
	3  1  1  1  1  1 
	4  1  1  1  1  1 

	W3 =
	   0  1  2  3  4
	0  1  1  1  1  1 
	1  1  1  1  1  1 
	2  0  0  1  1  0 
	3  1  1  1  1  1 
	4  1  1  1  1  1 

	W4 =
	   0  1  2  3  4
	0  1  1  1  1  1 
	1  1  1  1  1  1 
	2  1  1  1  1  1 
	3  1  1  1  1  1 
	4  1  1  1  1  1 

	W5 = W* =
	   0  1  2  3  4
	0  1  1  1  1  1 
	1  1  1  1  1  1 
	2  1  1  1  1  1 
	3  1  1  1  1  1 
	4  1  1  1  1  1 
